start=2273.042000
volume=84.000000
sid=1
