start=3311.538000
volume=84.000000
fullscreen=yes
sid=2
