start=572.480000
pause=yes
volume=62.000000
