start=921.767000
volume=54.000000
