start=2527.793000
volume=62.000000
border=yes
sid=2
