start=406.760000
pause=yes
volume=50.000000
border=yes
sub-delay=0.600000
