start=401.040000
volume=54.000000
border=yes
