start=505.866000
volume=52.000000
border=yes
