start=6182.750000
volume=80.000000
border=yes
