start=2886.279000
volume=62.000000
border=yes
