start=2813.460000
volume=26.000000
