start=948.567000
pause=yes
volume=78.000000
