start=713.818000
pause=yes
volume=62.000000
border=yes
sid=1
