start=3307.009000
volume=110.000000
