start=18.000000
volume=95.000000
border=yes
