start=212.025000
volume=70.000000
border=yes
sid=1
