start=17288.517000
pause=yes
volume=72.000000
