start=818.520000
volume=32.000000
fullscreen=yes
