start=8.866667
volume=34.000000
