start=1943.359000
volume=166.000000
border=yes
