start=3107.646000
pause=no
volume=40.000000
border=yes
sid=1
