start=2519.060000
volume=62.000000
border=yes
