start=999.100000
volume=64.000000
border=yes
