start=2815.292000
volume=96.000000
sid=1
