start=1683.975000
volume=62.000000
border=yes
