start=6.277000
volume=4.000000
border=yes
