start=2828.800000
pause=yes
volume=70.000000
