start=2538.287000
pause=yes
volume=54.000000
border=yes
sid=2
