start=194.126000
volume=90.000000
border=yes
sid=2
