start=6587.500000
volume=74.000000
border=yes
