start=2352.264000
volume=92.000000
border=yes
