start=7.066596
volume=6.000000
border=yes
