start=44127.733000
volume=79.000000
border=yes
gamma=1
saturation=3
panscan=0.100000
