start=801.100000
volume=74.000000
border=yes
