start=68.420000
volume=64.000000
