start=2630.418000
volume=78.000000
