start=1054.533333
volume=64.000000
border=yes
