start=144.244000
volume=46.000000
border=yes
