start=17.686000
border=yes
brightness=-2
sub-delay=0.300000
