start=470.866000
volume=55.000000
border=yes
