start=3521.498000
volume=122.000000
sid=1
