start=23697.774000
volume=185.000000
border=yes
