start=7354.416000
volume=42.000000
border=yes
