start=13.815600
volume=30.000000
border=yes
