start=1084.814000
volume=86.000000
border=yes
