start=2663.077000
volume=68.000000
fullscreen=yes
border=yes
sid=1
