start=3467.135000
volume=12.000000
sid=4
