start=3347.449000
volume=86.000000
border=yes
