start=742.118000
volume=78.000000
border=yes
