start=2774.418000
volume=84.000000
border=yes
