start=18.375000
volume=20.000000
