start=18.940000
volume=42.000000
