start=754.200000
volume=116.000000
