start=2358.875000
volume=38.000000
sid=1
