start=24119.846000
volume=62.000000
border=yes
