start=4300.133000
volume=58.000000
