start=1050.884000
volume=76.000000
border=yes
sid=2
