start=588.000000
volume=130.000000
border=yes
