start=4.577031
volume=176.000000
border=yes
