start=2710.293000
volume=20.000000
sid=2
