start=288.788000
volume=54.000000
border=yes
