start=355.520000
volume=22.000000
border=yes
