start=4050.467000
volume=110.000000
border=yes
