start=2958.233000
volume=52.000000
border=yes
