start=169.900000
volume=102.000000
border=yes
