start=878.293000
volume=90.000000
border=yes
