start=3236.538000
volume=26.000000
