start=1829.057000
volume=90.000000
border=yes
sid=2
