start=863.153958
volume=88.000000
border=yes
