start=4016.067000
volume=36.000000
border=yes
