start=15.579000
volume=60.000000
border=yes
