start=3530.132000
volume=98.000000
sid=2
