start=3061.622000
volume=64.000000
border=yes
sid=1
