start=4150.400000
volume=100.000000
border=yes
