start=3319.963000
volume=94.000000
